$SeaSurfaceTemperature
      SeaSurfaceTemperature AtmosphericCO2Concentrations AtmosphericN2OConcentrations
 [1,]             1.0000000                  0.000000000                  0.000000000
 [2,]             0.9861497                  0.004597472                  0.009252877
 [3,]             0.9832403                  0.008102657                  0.008657085
 [4,]             0.9755162                  0.010402015                  0.014081798
 [5,]             0.9706099                  0.010119754                  0.019270384
 [6,]             0.9302647                  0.009876275                  0.059859036
 [7,]             0.8896090                  0.011687019                  0.098703992
 [8,]             0.8540251                  0.026250139                  0.119724713
 [9,]             0.8248101                  0.037089837                  0.138100023
[10,]             0.8130028                  0.045112495                  0.141884662

$AtmosphericCO2Concentrations
      SeaSurfaceTemperature AtmosphericCO2Concentrations AtmosphericN2OConcentrations
 [1,]           0.003241351                    0.9967586                  0.000000000
 [2,]           0.002804831                    0.9946703                  0.002524833
 [3,]           0.002281202                    0.9839803                  0.013738540
 [4,]           0.001941918                    0.9668986                  0.031159459
 [5,]           0.001668408                    0.9474235                  0.050908045
 [6,]           0.002063390                    0.9257804                  0.072156247
 [7,]           0.004474453                    0.9029195                  0.092606032
 [8,]           0.009395746                    0.8816532                  0.108951084
 [9,]           0.015758760                    0.8658664                  0.118374792
[10,]           0.023266043                    0.8564176                  0.120316324

$AtmosphericN2OConcentrations
      SeaSurfaceTemperature AtmosphericCO2Concentrations AtmosphericN2OConcentrations
 [1,]          0.0010079655                  0.004605563                    0.9943865
 [2,]          0.0001454155                  0.003209018                    0.9966456
 [3,]          0.0022835216                  0.035344796                    0.9623717
 [4,]          0.0103389263                  0.092387725                    0.8972733
 [5,]          0.0205831218                  0.139889413                    0.8395275
 [6,]          0.0283926783                  0.161975909                    0.8096314
 [7,]          0.0362405096                  0.175534007                    0.7882255
 [8,]          0.0455289394                  0.169691841                    0.7847792
 [9,]          0.0541514706                  0.145244805                    0.8006037
[10,]          0.0631332682                  0.123398363                    0.8134684

从上述分析可知，各变量都主要受到自身贡献的影响，随着滞后期增加,自身逐渐减小。其中两种气体的浓度受
sst的影响总是较小，而受另一种气体和自身的影响较大。而海水受两种气体的影响都较大，说明模型预测是有道理的。